7.075540164623257411e-01 -2.588001196172081686e-01 3.614122702405362375e-01 8.058316197891217669e-01 -2.911286704486659160e-01 4.224566652882424389e-01 7.588601062039304068e-01 -4.926320917154798917e-01 -3.471524761058328856e-01 -1.715763358134018979e-01 1.009956122149986646e+00 4.581464914085315865e-01 0.000000000000000000e+00
5.890998245790399768e-01 -1.277915229576762179e+00 -1.396424849225953169e-01 1.569679837878148743e-01 4.889230467099910382e-01 1.552803309067363191e-01 4.440837350362125679e-01 6.321390465603724529e-01 -5.963080330080287039e-01 -3.557785741050629724e-01 7.793149355922458499e-01 6.199780535943580917e-01 0.000000000000000000e+00
-3.473156589063176591e-01 -2.953738425630032111e-02 -2.916290306287812051e-01 -3.247321885773503114e-01 3.041851120501968819e-01 -3.930540760327607686e-01 -7.648802732933795978e-01 5.438021242601638328e-01 -3.951839823645901251e-01 2.465247021985949305e-01 1.833888886591227729e+00 -1.775854717228902979e-01 1.000000000000000000e+00
5.857659458511914607e-01 -1.664641584648874906e-01 2.129882059132778560e-01 -1.617342501691204082e-01 1.143666518250175734e+00 5.404909555597001702e-01 6.298257408549594594e-01 -2.200939304581152334e-01 1.164933450414351174e-01 -1.578744775277743928e-01 -9.186495619423791226e-01 -3.722677320627663933e-02 0.000000000000000000e+00
8.097686241871958623e-01 -3.763352274423967941e-02 3.855373317658445376e-01 5.507018868153171764e-01 2.507458202231904743e-01 -5.343237158954170646e-02 2.636043623482726694e-01 -4.000137157995705128e-01 8.713638670668032160e-02 -5.903827610026114725e-02 1.013460221887299451e+00 -3.613026115285415951e-01 1.000000000000000000e+00
-5.031659578270925026e-01 3.152377175920342833e-01 -3.641705033771744371e-01 6.667963583031615293e-01 -2.977659170259684407e-01 -1.710204856710358934e-01 -2.631957836930658989e-01 5.009150483543340915e-01 -3.450858296432476185e-02 -2.070075590382403630e-01 8.789355352952273881e-01 6.344495475283278285e-01 0.000000000000000000e+00
-5.561605816651427059e-01 -3.100960584726481506e-01 7.195342691579979799e-02 -7.531904145416766783e-01 3.490885570828233253e-01 3.831247354520959658e-01 6.954689927995441057e-01 5.540240152494604331e-01 3.996480174991465795e-01 4.434613371233410151e-01 7.490129522686050922e-02 2.627223415100795600e-01 1.000000000000000000e+00
-1.471234035444296095e+00 3.715145775526480509e-01 5.095137726881316942e-01 4.897757902285025944e-01 -9.273507740328718052e-01 -3.439238494940918267e-01 -3.599567595719657120e-01 -4.018324761689919256e-01 3.421559944196050917e-02 4.075121741582813373e-01 1.757711927936834506e+00 1.561597645958233693e-01 1.000000000000000000e+00
-1.677036252354904555e-01 -1.221524832905817731e-01 6.730310475397992542e-01 3.088974306220191313e-01 -3.484314474754354046e-02 1.086558034314805132e-01 4.265267880918112431e-02 -2.707754474647569021e-01 -9.358865589209823532e-02 -3.511789900025848454e-01 7.289831683767515891e-01 -4.934027010207743813e-01 1.000000000000000000e+00
7.036247773965770280e-01 3.746908773362440659e-01 -1.040567683418729406e-01 2.036459858423531333e-01 -4.989023307565892407e-01 2.646075256187898628e-01 -7.100341283928202074e-01 -3.202634120294893250e-01 3.039450244088389708e-01 2.882392109973632155e-01 2.233133140058295441e-01 8.075764509404992353e-01 0.000000000000000000e+00
-6.787891726293797667e-01 -8.660838935775752034e-01 -1.504858557826619370e-01 -3.518316597581451211e-01 1.855776699405856101e-02 -5.408570376012173941e-01 -2.051074276730130777e-02 -5.606587925767326785e-01 -4.386693699785390033e-01 -1.127814236640776041e-01 1.287470653126020270e+00 -4.232590381242488653e-01 1.000000000000000000e+00
5.596600559952543685e-01 -7.922587919229216735e-02 1.823676781944920666e-01 -4.103156210050554198e-02 -4.284398691667885145e-02 9.008859909733687998e-02 -5.438566412123385652e-01 -3.771479932063384055e-01 3.048993565482163715e-01 5.564863888221069921e-01 3.788629797037377789e-01 -2.931482659589031980e-01 1.000000000000000000e+00
1.819277140452371100e-01 -2.191053395596116171e-01 -1.072699115960589061e-01 4.738620349272733012e-01 -2.007959169554058843e-01 3.858334984276561297e-01 2.370783159938679163e-01 2.011859189498432510e-01 -4.778398852166585442e-01 -3.210529612815531952e-01 -6.463265484429350227e-01 4.964258919578868889e-01 0.000000000000000000e+00
2.736796958653706091e-01 -2.091456764892002385e-01 -1.137684370210152035e-01 -6.163122400415879665e-02 -1.642177126033453338e-01 -1.312494956960939207e+00 -1.683621432367571613e-01 -2.189906420166126966e-01 -8.680391661644546453e-01 -1.249148000570931560e-01 7.376704822859424249e-02 1.925057365233989737e-02 1.000000000000000000e+00
-6.974980325308439977e-02 4.481456227794418101e-01 -3.093196397844110712e-01 -4.686415035733975110e-01 -5.643960128586342773e-01 4.571228035309768956e-01 -1.746812378984409775e-01 -2.615727974341014450e-01 3.865736569694975255e-01 -5.665874528917796971e-01 6.917878696226069657e-01 -7.066247658531541465e-01 1.000000000000000000e+00
-3.035641313466906355e-01 -3.057751449518841813e-01 3.807605648033701717e-02 2.020872955948866123e-01 2.310352224631426199e-02 2.516716397651530546e-01 2.501873864500349653e-01 -6.468925918143196840e-01 -1.054202182420067163e-01 7.099328507846779102e-02 1.308521489556554229e+00 -7.122457652151570340e-01 1.000000000000000000e+00
5.919263871986742975e-01 -1.198172250585026605e-01 -5.814367611057330576e-02 1.440326871044676771e-01 -6.861271676273261733e-01 2.631324432034533312e-02 4.631751685088059678e-01 -1.281781317678963028e-01 -6.318940692951523497e-01 3.853966452808312848e-01 -8.165305970722541717e-01 4.846644827122827959e-01 0.000000000000000000e+00
-3.475362829962317934e-01 1.846103292187892542e-01 -4.656177331257808638e-01 -6.811573778747228580e-01 -3.097861214625521331e-01 -3.057656594170627962e-01 5.273368100355377286e-02 3.917477714470803396e-01 -2.840544107872057800e-01 -2.645448260083952952e-01 7.762107867355971802e-01 8.205720828470934869e-01 0.000000000000000000e+00
-4.146294260903662376e-01 -2.460680380511750254e-01 -1.174835052766287219e-01 8.084192004837981171e-02 -3.760852612869596268e-01 4.729053047147306899e-01 -2.544463182072571605e-01 -1.229026178831192501e-01 -8.544031691656123195e-02 6.757481219205958567e-01 5.389473621554483063e-02 9.755790942249861208e-01 0.000000000000000000e+00
5.758428429587254538e-01 -2.187499166977324438e-01 -4.709581806342212906e-01 -7.099156272690179681e-02 1.848689439797926437e-01 8.392805207626766184e-02 -4.502377739517565702e-01 4.020318190309772333e-01 3.460322885460986875e-02 5.445302080942203693e-01 4.585785538753385238e-01 1.249328139536617144e+00 0.000000000000000000e+00
1.596734360636260786e-01 -4.618372774340353537e-01 -1.238735770699831429e-01 -2.103338770850685657e-01 -3.704186193886217504e-01 3.365212025088854531e-01 2.921385406866696885e-02 3.445769083469408800e-01 -1.347160751118922119e-02 3.931264892978462988e-02 1.416504780854306755e+00 3.983988702174867669e-03 0.000000000000000000e+00
3.070587968896761333e-01 -6.162779032968007664e-01 4.798161383624568455e-01 3.234376065468886480e-02 -8.716906542032865080e-01 -8.351286772422490401e-01 7.670784535631690847e-03 -9.103544362613051888e-01 5.405094377804203765e-02 4.412707752980801756e-01 6.504359000563564308e-02 1.121056349515990203e+00 0.000000000000000000e+00
4.766814951225970139e-04 1.540773524044672382e-01 -3.498712041153544117e-02 -2.473341411765720421e-01 1.517384958224536062e-01 1.352093871197826702e-01 3.163308591896560884e-01 9.279568990391973138e-02 -4.419224112848234021e-01 3.871124725708570691e-01 3.425511232250484372e-01 1.131746138664909279e-01 1.000000000000000000e+00
-7.667365712852655113e-01 -4.647482128125872691e-01 -4.745407578837735341e-01 7.711017111447317218e-02 3.384527509010457763e-02 1.421043998608691739e-01 -1.479912150877960020e-01 -2.626643981781066617e-01 3.956396592818498537e-01 -5.590924570599019594e-01 1.996693098597522642e+00 -2.719965027514181788e-02 1.000000000000000000e+00
-3.965694915563857670e-01 -6.221797069965177007e-01 -1.806066818444487798e-01 -1.413301885431658411e-01 -9.238352964266809408e-01 1.451470400874438349e-01 -7.551510382852941183e-02 -8.564528146656666396e-02 -1.171913572401748066e-01 -1.103885720476986548e-01 3.050973659563149809e-01 7.789007007689743856e-02 1.000000000000000000e+00
2.525933327576954657e-01 -5.627264715049430377e-01 -1.596052983310579931e-01 -2.505383816011738096e-01 -2.340916348845990813e-01 -9.834313456772453277e-01 -5.163310765653744694e-02 5.815005500000749450e-01 -4.580397736495777083e-01 1.760564950030739095e-01 1.153351694334769778e-01 7.205634299511323171e-01 0.000000000000000000e+00
-3.887790340381513943e-01 7.341840364295839638e-01 1.589029176721975523e-01 5.649120399762755929e-01 6.025610396100067323e-01 6.970554431172585330e-01 6.294873458751549800e-01 5.076603896114325609e-01 3.457715189137643419e-01 -9.647055685016751522e-03 5.703421142788727138e-01 1.087626181699282713e+00 0.000000000000000000e+00
5.071554971221692298e-01 5.850608322951135198e-01 3.086256720619703908e-01 2.777598989913003247e-01 6.478767010293456918e-02 6.725334750275323570e-01 -1.748378244849817520e-01 -7.924280181282342683e-01 -6.911334402174128533e-01 3.180110138072033688e-01 1.760552406147379845e+00 1.505364019432819944e-02 1.000000000000000000e+00
5.156967687875332884e-02 -3.587610533604892460e-01 9.096446700755470571e-01 5.379425134202107106e-01 -5.065577219268208031e-01 -2.167956444010382677e-01 -2.177020110919627993e-01 4.025515592678884720e-04 -2.280068039025116566e-01 -1.222535452121138733e-01 6.594932953249961205e-01 6.093594411770777430e-01 0.000000000000000000e+00
-7.130594137884337103e-02 1.955542909167790888e-01 1.576678578484582427e-01 -9.922575825889153045e-02 -2.197714634368643991e-02 2.954440344531001350e-01 4.826346894823829031e-02 -4.846706176372092556e-01 5.487015212443910883e-01 -3.758696912967042503e-02 1.866869689673363197e+00 -1.008500158958178794e-01 1.000000000000000000e+00
-5.555134376966870402e-01 4.517417807407292374e-01 -4.531964275131028508e-01 3.238623543477714417e-01 -3.661585240783948314e-01 -4.076842333245749295e-01 -9.532151198570733633e-03 1.409206743984462995e-01 -2.639055301235883610e-01 3.023892390437542543e-01 -9.291576863561237798e-02 9.810584816685538057e-01 0.000000000000000000e+00
4.754268829696166043e-01 5.857701960978832778e-01 1.632543041129047023e-01 -1.348168579407968970e-01 -1.481767892860510472e-01 4.184896003524543606e-02 7.454740594493005634e-01 -2.800596571705397664e-01 3.362941569177624879e-01 -6.143188336797664739e-01 1.892328585632456539e+00 5.013026626522663065e-01 1.000000000000000000e+00
1.236509283879463211e-01 8.906304813833144929e-02 -2.885606713423534142e-01 -3.556941442889414162e-01 1.341742024345436990e-01 -2.763185721970922715e-01 1.358761553249286484e-02 -5.207825909270681342e-01 4.059835907673614575e-01 -6.515477046137298223e-02 9.635243669560565882e-01 4.292753633472189967e-01 0.000000000000000000e+00
7.632958248501386933e-02 -4.055205995049104839e-01 -3.513274286289585491e-01 -6.389413288454185436e-01 4.754939554775684807e-02 -2.875909622971579704e-01 8.816103469078821753e-02 7.857229466697748244e-01 -1.785263414820116856e-01 -2.454864905173168368e-02 -1.153083660185354908e+00 1.854075294385800210e-01 0.000000000000000000e+00
-2.140086773325349800e-01 7.911099134680797673e-02 1.510234130136008379e-01 -1.882066785150565691e-01 9.935383819348043710e-01 -3.393689441196507950e-01 1.725454610378918674e-01 -7.271888307585855360e-02 -1.101278195283833972e+00 -4.185821629691667822e-01 8.231470658936179685e-01 -6.023557997866160196e-01 1.000000000000000000e+00
-6.056059489851839395e-01 4.731087845193195363e-01 5.926582011549449414e-01 3.944126932748610592e-01 5.758193560764207630e-01 4.527362065522688717e-01 4.175953593511441686e-01 -7.572884931433826461e-01 -1.477798891118263513e-01 -4.074893056063092489e-01 -9.301125447401360491e-01 1.120370802979247377e-01 0.000000000000000000e+00
-5.006018996595907877e-01 -1.624858649084590378e-01 -1.446311118743219548e-01 -1.669956969177150904e-02 1.154164487925568583e-01 2.036593881162643283e-01 1.063792169028815460e-01 -6.990415825845919251e-03 -5.818949560313466662e-01 1.014253981863121989e+00 1.962287882873437139e+00 4.993847119347494812e-01 1.000000000000000000e+00
-3.774059668714560001e-01 1.592445486108032271e-01 2.807001664027685695e-01 4.015997707010828255e-01 -5.487487682773399822e-01 -7.988257539601391066e-01 1.113222803377486247e+00 -1.427298488157190126e-01 4.002129383711636179e-01 -2.392299050193988086e-01 -7.080670225312677424e-01 8.400528096652652987e-01 0.000000000000000000e+00
4.257806581420479630e-01 -2.546358097141079857e-01 4.759060117863052053e-01 -2.148425767223605676e-01 -7.887845243778639215e-02 2.917987371010172803e-01 -1.823583354157033154e-01 -6.379989707334335902e-01 -4.932517218466309084e-01 4.700536567835111174e-02 8.215217945112088804e-01 6.974286720441916776e-01 0.000000000000000000e+00
-1.121587391636596487e-01 -2.004528209213408685e-01 -6.311162386113582101e-02 4.755827112349160224e-01 4.477678517432312488e-01 9.621846148445845071e-02 5.049080054900005887e-01 1.642031816287792545e-01 -2.309921667670366760e-02 -3.145377251566074950e-01 1.409527442444203471e+00 -6.922498582980258774e-01 1.000000000000000000e+00
3.583709921119896391e-01 -2.312689232144218288e-01 -3.184708358500911718e-01 3.689288391896927144e-01 1.470284940688530440e-01 -2.208239558862940682e-02 1.338599841369656207e-01 4.024249109212058584e-01 -1.946827790024712179e-01 5.935947938178206540e-01 2.036388615392472623e-01 8.637227596835871379e-01 0.000000000000000000e+00
-8.211711187378942234e-02 4.007184038325957154e-01 2.543393474386914099e-01 -4.558580886550559624e-02 3.320881959279803342e-01 -8.316048564023834633e-01 -5.033295691284050966e-01 -5.994351291778085011e-01 -7.517492169158490785e-03 -7.460892133666804623e-04 1.948396054130305810e+00 2.275125636086133274e-01 1.000000000000000000e+00
3.594304811429532842e-02 -5.830751904526543239e-02 -4.719884816289575125e-01 -2.123936036187474563e-01 8.649149365106415660e-03 -6.129063263238075931e-01 -7.218782684312484710e-01 1.460038927644688733e-01 5.228230716761371744e-01 3.084336270941544500e-01 1.302034901804197231e+00 -4.913809967022223502e-01 1.000000000000000000e+00
-2.620892998730485479e-02 -8.358532556161080151e-01 -1.532921360701692548e-01 -2.965410809740965173e-03 -1.542443648766621267e-03 -6.187526760778282453e-01 3.938649612031338565e-01 2.467406273570322550e-01 2.684714938150409291e-01 -5.479326350786316580e-01 2.004833837905500626e+00 2.427107692150404228e-02 1.000000000000000000e+00
1.609020622632665598e-01 6.049831658170878868e-01 7.492503252391209678e-02 -3.546500925738858556e-01 3.864538769321319567e-01 2.923520106132626029e-01 1.399997964473475576e-01 3.107934129064227613e-01 -1.366971429984124332e-02 4.590579781479052213e-01 -4.175836033046964046e-01 1.068558388562262262e+00 0.000000000000000000e+00
2.690788183477640580e-02 -3.964036527560704098e-02 4.958751375122381067e-01 6.452216832274400016e-01 -1.016645680410885877e-01 -5.312567407115647011e-01 2.118925334449939801e-01 -1.687330905552821558e-01 3.856028311024222721e-01 -1.805057202673628070e-01 7.685784718191599474e-01 -2.456268393896622326e-01 1.000000000000000000e+00
1.854413703415107861e-01 -5.271823109879644753e-02 -2.171152255479328608e-01 -1.319675025494984333e-01 6.370751527142285431e-01 -1.227189151431717085e-01 -2.178123000101711837e-01 8.625236476800351992e-02 9.805914432712052597e-02 5.079378672742828060e-01 1.154491600577805643e+00 -5.951766587702926881e-01 1.000000000000000000e+00
1.712088535981083903e-01 4.479878953385688783e-02 -2.111255258137324509e-01 -1.086612499092868556e-01 -5.326518024552409081e-01 -6.523986068738515942e-02 -3.450235314854093183e-01 -5.147625703632793259e-01 -3.156487246530896296e-01 6.830583601109941894e-01 -9.978345401222409317e-01 5.544067878663923032e-01 0.000000000000000000e+00
-5.321828967501271990e-01 -1.014683702597690279e-01 2.633895675001249881e-01 -1.596719508387844932e-01 -1.825156684010647776e-02 -3.528586903968063127e-02 -4.148281230661636787e-01 2.244310250610313529e-01 4.189287993309576130e-01 4.100223045656939402e-01 -1.062570392313380685e+00 -1.766165096728783759e-02 0.000000000000000000e+00
-3.962591851831520628e-01 3.795619674093477780e-01 -4.679301949240020631e-01 -2.358885006748386304e-01 3.187101010188868599e-01 6.717439702688546843e-01 -2.055176872856201986e-01 5.263938861716661588e-01 -7.564313449486048668e-01 1.947408696706778020e-01 -6.905484656958578160e-01 8.374406110191278119e-01 0.000000000000000000e+00
2.268954997609532453e-01 -4.893065679668906487e-02 1.945681213002364851e-01 -5.403368579270173555e-02 -1.638992850180296112e-01 1.612700277665051751e-01 4.543251610260842788e-01 -4.670343298016287337e-01 3.980538519899025074e-01 1.001322506635484499e+00 1.851724894345283312e+00 -2.846462362551321901e-02 1.000000000000000000e+00
3.978808571875442346e-01 8.170856899602507717e-02 -2.829329698736829934e-01 -1.712211377832658643e-01 1.069994419428240556e-01 -2.361251772401823726e-02 2.634758714757979292e-01 -2.042672170449000013e-01 -2.752830123552107433e-01 -1.762138663938745131e-01 1.078008217521171375e+00 -5.692314794744867124e-01 1.000000000000000000e+00
4.771232502567659406e-01 2.363490853370442124e-01 -1.939084562627794717e-01 -2.087313911465661365e-01 6.553406726505506263e-01 2.941733279315547067e-01 3.883617995304216586e-01 -2.889402175917207827e-01 -1.155806682581287936e-01 -2.950512752441024622e-01 1.053491313834535870e+00 3.125862519531032446e-01 0.000000000000000000e+00
-5.002063977151332413e-02 -6.317387324678495897e-02 6.836442702995340071e-01 1.147433670079474055e-01 -3.952865938181152616e-01 -2.920549031540358165e-01 9.561492989066050496e-02 -3.512793371515248175e-01 -4.846770866466458272e-01 -1.902917571222247084e-01 -1.277450596937401983e-01 7.826518854718849116e-01 1.000000000000000000e+00
4.261052806710005081e-01 -1.830102929180484062e-02 -5.433054520252265096e-01 -3.661281318528070705e-01 -3.004202100243028029e-01 -5.630124110762134704e-01 -5.896205474028172189e-01 6.063900503167682920e-01 -6.204181579769151300e-01 -4.620585501683653618e-02 2.558364182161366740e-01 -4.432903115594930554e-01 1.000000000000000000e+00
-2.195095342569082231e-01 -1.095222043758082714e-01 2.577852091109365529e-01 6.547251593493445820e-02 2.511904115905601587e-01 4.495182181703002988e-01 -2.122925872322281027e-01 2.608001070526895226e-01 -6.889239311347669648e-02 -1.559548938694384039e-02 1.962276338206852433e+00 2.517032936598600501e-01 1.000000000000000000e+00
-7.153286489915949842e-02 -6.336766820869185191e-01 3.010390543442476030e-01 -2.360570436046145193e-01 3.164112781420931331e-01 -4.714125500245600064e-01 8.402534872747846606e-02 -4.867052665473817763e-01 -1.566838266673261926e-01 4.266853639054198344e-01 3.008234167139584025e-01 -1.835078148416699473e-01 1.000000000000000000e+00
-3.597052607229581644e-01 9.455666504582907472e-02 -8.403942890431796986e-01 -2.537436319126257223e-01 4.283572692292099693e-01 1.884097822229802155e-01 -3.028365352635934982e-01 8.452605764928119436e-01 2.146095821908701462e-01 -1.206351242239845911e-01 -1.423470103860445812e-01 7.366549375249686893e-01 1.000000000000000000e+00
7.294921867719224295e-02 -3.239436832316579529e-01 -2.173829118984951236e-01 -7.433744749141873998e-01 -2.211505568533727595e-01 3.957973001451823292e-01 9.417748934921889303e-02 -2.328564487165748487e-01 -6.919546281640558405e-01 -8.204252976052663904e-01 -3.322377352219869073e-01 6.845139275041514093e-01 0.000000000000000000e+00
9.736028463715862280e-02 -7.125641875479860055e-01 6.267057339479870093e-01 6.957987625832141587e-01 4.215083174589875914e-01 8.484184304268353738e-02 5.199901295456953870e-03 1.572022108565260812e-01 -1.916424307166644803e-01 3.498698222347772918e-02 1.062133103753053920e+00 -3.885887296400825086e-01 1.000000000000000000e+00
6.800568396936025328e-01 -7.595192706451743270e-01 2.636074733719425689e-01 1.617616318876002532e-02 3.214708904894044150e-01 -2.132812658963412766e-01 -7.049018529398238808e-01 1.071997091554987985e-01 -1.481407084985472689e-01 1.394049684234592449e-03 6.402517108499767851e-01 5.440623153796462219e-01 0.000000000000000000e+00
1.445026536973248177e-01 -2.661225844365053828e-01 -4.278482872950389870e-01 -3.666551748790264353e-01 2.100893407528425880e-03 2.766685291794621637e-01 9.351385864770110634e-02 -1.051749738178892946e+00 1.501421202636958087e-02 3.208548126884500085e-01 -7.447650926794091575e-01 6.292375010604616126e-01 0.000000000000000000e+00
-6.830101005929367641e-01 4.077851797013862800e-01 -1.504815009251926974e-03 -5.463749370196849808e-01 -2.927991935897900633e-01 2.032639780153819853e-01 -5.694378367178583034e-01 -2.538248664348148331e-01 2.401655883718981921e-01 -5.687870619332264788e-01 3.634883051631677686e-01 9.816384164918676714e-01 0.000000000000000000e+00
-2.681118705558519499e-01 -1.822314164476050158e-01 -1.354634544895182979e-01 3.345655671108085372e-01 3.950445496486623131e-01 1.515417418661673121e-01 1.616215469887825884e-01 4.594662486995484407e-01 3.168674006955362055e-01 -3.212507721352391155e-01 5.334226692707609851e-01 1.100151143193693226e+00 0.000000000000000000e+00
3.721290154404918726e-01 1.217184789674011780e-01 7.085755662357742790e-02 1.958283056881956197e-01 -3.979619149457654381e-01 1.992252066356405837e-01 -2.411137627412027473e-01 9.620062409905520973e-01 -1.826899082112525274e-01 -4.363243624311379659e-02 -5.252049528283291302e-01 5.363358730330084478e-01 0.000000000000000000e+00
6.784698564863740344e-01 4.433174176505454978e-01 -1.897145441222752582e-01 9.376429616661902111e-02 1.077844909040375464e-02 2.384146210898253626e-01 -9.013222145507776562e-02 1.519510446252771707e-01 2.211010905414949324e-01 2.203058674216758495e-01 1.862429758047779715e-01 1.013129355634070139e+00 0.000000000000000000e+00
-5.957803116286017331e-02 2.748286964447117092e-02 3.825158744324248516e-01 -5.726796424788791473e-01 -5.005696780084134545e-02 7.320449299656386216e-03 5.789908782639785478e-02 1.053921703999950721e-01 1.022734966828312830e-01 -2.070577988700286753e-01 1.471796741911998385e+00 -2.644859895218357737e-01 1.000000000000000000e+00
-5.639207099414640378e-01 -5.633129454418087795e-02 -4.660416969211066962e-01 5.995951044025901178e-01 -1.453449453905728862e-02 -2.702672148681125042e-01 -1.914382705436340482e-01 7.180753549968893479e-01 -2.271348209936725482e-01 -1.425107715835688404e-01 5.805502248847846936e-01 5.465323856935246916e-01 0.000000000000000000e+00
3.045346155931960008e-01 -3.372906684080441142e-01 1.246894269900395563e-02 -4.297245475191590613e-01 -1.166367073384418085e-01 -6.246917059076939616e-01 3.377019479595655405e-01 4.283855332509118458e-02 -4.687372087607773463e-01 4.836694468779787481e-01 1.738465645912224522e+00 -3.373437749956983978e-01 1.000000000000000000e+00
3.031416624945130200e-01 -9.758492410314256738e-01 2.541242452978843547e-01 -3.865560297099204234e-01 5.115188374506912661e-01 -2.900365427432453069e-01 2.851605391762008779e-01 -6.339338320703841179e-01 4.622294627787388449e-02 1.176815212801390897e+00 2.009301005737429868e+00 5.679000859364503606e-01 1.000000000000000000e+00
-3.049584998418695125e-01 -2.477139967628269046e-01 -5.417469995916324166e-01 -4.460681941068910250e-01 2.976197270156130115e-01 -1.281989030653817863e-01 4.631124187644292123e-02 -5.440535062623247375e-01 -4.143008819903384321e-01 4.653738205028091213e-01 -2.718122019917859067e-01 1.123444035788539797e+00 0.000000000000000000e+00
3.471725850425517734e-01 4.147141280997274082e-01 -3.107697657193375304e-02 -2.460119547082954272e-01 1.163149389224858166e-01 1.176176976488223086e-01 5.338807995642790294e-01 3.542387891587123749e-01 -2.943608162779572379e-01 2.036391450149843338e-02 1.374913073876837255e-01 -4.461619654342718344e-01 1.000000000000000000e+00
4.458001378291649996e-01 -8.959795919116245178e-02 -2.816496045256868808e-01 -1.843022109682330711e-01 -3.202074282781534054e-01 -5.020944777682141424e-01 1.706631196571892772e-01 1.250083469281192960e-01 -1.610528691600769668e-01 8.104976748377303863e-01 3.864172140194779281e-01 6.943466861834596271e-02 1.000000000000000000e+00
-5.685126488609858475e-01 1.374005511888572728e-01 7.646229114413470584e-02 7.912686985776447302e-02 4.077539679371690595e-01 -4.147597341631870660e-01 -1.363692375661275380e-01 -1.262484337197092299e-01 -7.949044744348801039e-01 -1.637793492802137596e-01 -7.819157407228058965e-01 8.951458839133032974e-01 0.000000000000000000e+00
2.215656213973095090e-01 -3.730765541957145048e-01 -2.788528406476954991e-01 6.402686035628692984e-01 5.973696321284504424e-02 -1.284833114913763452e-01 5.030201743355103283e-02 3.654341191180497384e-01 -8.821509411277139723e-02 6.887624104670332370e-01 8.773670792706176336e-01 -2.467092337328122276e-01 1.000000000000000000e+00
-7.279596459386961094e-01 2.014301374615004581e-02 1.663315153842448713e-01 2.737919510319661298e-01 -3.216045483830469731e-01 -4.050961916298053689e-01 3.099060522584003996e-01 1.386108653681071036e-02 3.115171673549634868e-01 4.435680320102766139e-01 9.508046822380755714e-01 2.124520200723306607e-02 0.000000000000000000e+00
2.648104115663141855e-01 5.379319720117184955e-01 -4.900965755895364540e-02 -1.886431651793880060e-01 -1.966809606564512980e-01 1.860180634070090488e-01 6.946513426975637895e-01 3.656859009198061283e-01 -3.382657695630829631e-01 2.408265837341751203e-02 5.080294258958787390e-01 -3.487824688481360735e-01 1.000000000000000000e+00
2.166941832797384115e-01 2.979154810224470817e-01 -2.867258274126561202e-01 -3.712487775275898905e-01 2.680599695268977567e-01 6.411933925589559102e-01 4.574466165645134641e-01 -5.277453412084035511e-01 -5.286788653971760121e-01 -3.716077964932529287e-01 2.552610228151300786e-01 -1.173454418697570112e-01 1.000000000000000000e+00
-6.795744026382476155e-02 -3.521976499157958296e-01 8.275184662369175492e-02 8.440640518486541843e-02 2.013445647748517975e-01 2.822840609303537973e-01 1.933176861102927635e-01 -6.181955899934947762e-01 4.000942611357607426e-01 3.644552211273515557e-02 1.443395296232491409e+00 9.531341965589806842e-02 1.000000000000000000e+00
4.889193168195250516e-01 9.352720834202249076e-03 2.693706062632055254e-01 -3.154443049462998250e-01 -2.361408030767300215e-01 -1.317708566916563628e-01 -3.860035198814588675e-01 -4.417104379275582082e-01 -6.276148093519218207e-01 2.412184198842903526e-01 1.372185966337359897e+00 -2.274417571442884090e-01 1.000000000000000000e+00
4.101284542831819535e-01 5.469147651788642817e-01 -4.606187697166166245e-02 1.543393731893225596e-01 6.167782974402483687e-01 6.650492446533218249e-01 3.143204955048464200e-01 2.740850210855204083e-01 -1.960159192006444839e-01 4.948268152624847871e-01 6.638572614253075432e-01 6.847082276685849678e-01 0.000000000000000000e+00
-2.999261313010722838e-02 -1.569969985269091262e-01 2.351724793303794636e-01 -4.246813644305301449e-02 2.216835371354036396e-03 4.323792948921827417e-01 -4.122247275735967803e-02 2.852202981720408093e-01 -1.160388085816382420e+00 -1.030478893070445601e-01 -1.013067768059392471e-01 2.151271909489495537e-01 1.000000000000000000e+00
2.123348859758171780e-01 -2.251374655754092569e-01 2.634003745848249034e-01 2.884625594384088165e-02 4.370197418763949182e-01 -5.602440360289553389e-01 1.273014940655889382e-01 1.366298174241796781e-01 -1.096445180748375492e-01 -8.530966115155097507e-01 -1.087116701309928990e+00 -1.658664889033156786e-03 0.000000000000000000e+00
1.198178671249363891e-01 3.661714764176473430e-02 -5.987104850210361873e-01 -1.631304452005740702e-01 1.008197836814334059e-01 -9.672404699466332634e-01 -3.919968335572925344e-01 5.587909292637820435e-01 -4.612848501339500418e-01 1.156884555512458501e-01 7.667198319478909507e-01 6.972561376950578982e-01 0.000000000000000000e+00
-1.552603858797234060e-01 -1.256783198213437813e-01 -1.027265489349986627e-01 -5.260686437979161800e-01 6.082382584790670954e-01 2.773954733570850872e-01 -1.624679723156069108e-02 -1.786257630988178358e-01 3.511374070360411825e-01 -3.880629806373142587e-01 1.260472910247177891e+00 8.832678002320115684e-02 0.000000000000000000e+00
5.419655637936370285e-01 -2.530276676005103198e-01 -8.000375099784792221e-01 -3.664849400257597645e-01 -2.584841782477098060e-01 -2.127990820224915647e-01 9.707848147071558575e-02 9.695226378055582517e-02 2.575292020180663388e-01 -1.066490144689178493e-02 -7.687014508240979094e-01 7.475486487764273491e-01 0.000000000000000000e+00
-6.639541545313135673e-01 3.570322983601095235e-01 4.858415934750320853e-01 6.408169777086580865e-01 2.886850751750231758e-01 -1.740639445596939838e-01 -6.684119400150445589e-01 5.428195709654323187e-01 4.442855961608963011e-01 -3.323988956714162835e-01 -9.121275075785322262e-01 5.872433276094161103e-01 0.000000000000000000e+00
-4.750903793881254278e-01 3.175620813972003242e-01 -1.666125070703625421e-01 -9.535581579012084030e-02 -6.578060338401838791e-01 -8.079361735443648662e-01 -8.628566412832923416e-02 -3.819660663871394246e-01 3.742079100163012706e-01 -4.712637288879327757e-01 5.334642885254370359e-01 -7.618090199152491859e-01 1.000000000000000000e+00
-1.961836570717347961e-01 9.424606469037312417e-02 -4.053798669586064496e-01 1.414293598633635241e-01 7.099304562052240197e-02 1.015431802242482862e+00 -2.221584512597859495e-01 9.347694514057580673e-02 -2.580569476440698895e-01 2.227724161780004260e-03 -4.428189213773348065e-02 8.351136245437650318e-01 0.000000000000000000e+00
4.273635122581934676e-01 7.066126501087993672e-01 -1.013759909857660929e-01 6.074891407445566494e-02 -2.270383647935426963e-01 -3.034891203546066230e-01 -6.473982038931853644e-01 -3.386400340756149374e-01 -3.840662446241751571e-01 5.834402231004064410e-01 -3.850893695049850129e-01 3.815666396616829714e-01 1.000000000000000000e+00
4.355324243203287371e-01 -4.028780273688923330e-01 -1.599587825400242136e-01 3.100192143154386071e-01 -1.617614697476281727e-01 -2.352546863132117250e-01 -2.691721554696129837e-01 -9.726910774237225443e-02 1.162753206587575638e+00 6.217715463013012700e-02 4.472067434923316376e-01 7.132492309632972871e-01 0.000000000000000000e+00
-7.435641934612309545e-02 2.482886238687641578e-01 4.867065764746811296e-02 2.221508912470100960e-01 4.433183186228018546e-01 2.336094693866196392e-01 -3.206436194930835648e-01 -2.109450140255908490e-01 -8.389631030604927098e-01 -1.081052361217055106e-02 -4.386598421702177508e-01 8.993443776325933392e-01 0.000000000000000000e+00
-4.526088359088044633e-01 4.233100301696878787e-01 -1.631182641955419566e-01 -2.359933679595350720e-01 1.633513702841151716e-01 -4.212952904538476706e-01 3.961995067957555516e-01 -2.738908046599674018e-01 1.351544165158662103e-01 1.725356412067307055e-01 -5.356688953805888165e-01 7.898992788967365009e-01 0.000000000000000000e+00
2.121750178694633837e-01 -2.592104920481078656e-01 4.450306521762903422e-01 1.440426441768432320e-01 7.664316376995774505e-01 -2.383846655157767502e-01 -1.791629958785068699e-01 2.315808357382590776e-01 6.066158518705985769e-02 3.435170956323961855e-01 8.081723090839523782e-02 -1.500516247759452471e-01 1.000000000000000000e+00
5.414459625797449216e-02 -5.806859108424141658e-01 -3.880766877437508838e-02 -1.455439664405877576e-01 2.335325315729831486e-01 -1.647442180105444798e-01 -2.454060180825500259e-01 4.048065557507303791e-01 7.690938688977387860e-01 -3.583847987857364803e-01 -4.437103257655072297e-01 1.974992206599753275e-01 1.000000000000000000e+00
-7.011924796351000355e-02 4.347768601309395797e-01 -8.503425023422175322e-01 2.542385252861505407e-01 -1.059043591405731011e+00 9.362304727100050350e-01 2.036709591393547347e-01 -5.289985822510865354e-01 -7.200758165160885405e-01 -1.077502028901634185e-01 3.728059664803183848e-01 -3.102459837415662003e-01 1.000000000000000000e+00
5.363550287076699341e-01 2.055437160039778055e-01 -2.975658248555397289e-01 3.219652816942818185e-02 5.279097842999424389e-02 5.000817130009174161e-01 1.047922383510076216e-01 6.011838532914409033e-02 -2.689013614815147779e-01 -9.747129510849182610e-02 1.614606367559667133e+00 1.884666192440634380e-01 1.000000000000000000e+00
-1.808172042596750684e-01 -3.050584388622662457e-01 -5.730885956119641245e-01 3.155082550774663819e-01 5.133953242804456529e-02 -7.038225672323689119e-01 -2.938302333209572015e-01 1.048069715530274837e-01 2.551329961335919161e-01 -1.376646115310040386e-01 8.391810205978769144e-01 6.663487335157949332e-01 0.000000000000000000e+00
8.725718076536317369e-01 -2.851352817556767061e-01 1.651565127745989736e-01 2.412779402618097091e-01 6.040783211330693625e-01 4.779673479407251513e-01 -3.058917598039425090e-01 1.347980116465720690e-01 3.657099151154552530e-01 -5.678123446287678400e-01 1.623178387117538479e+00 -5.926063586984142706e-02 1.000000000000000000e+00
-1.453487890664559579e-01 -4.726752823691774963e-01 7.854668957056603062e-01 2.790925991253793148e-01 -2.757363582026468585e-01 -3.987573844108390220e-01 5.923664219243262030e-01 -2.569264289093262654e-01 2.863705163788751729e-01 -1.197356658204046242e-01 -8.536271461855905462e-01 2.481928074927051697e-01 0.000000000000000000e+00
